2.694362495135464997e-01
1.418533031737920780e-01
8.936242556151883232e-01
6.765769106675009192e-01
5.748233178593122883e-01
8.280386785259844507e-01
9.043132540166347599e-01
5.871097710310192452e-01
2.165031153383192297e-01
8.423546323240727052e-02
3.370889230770696132e-01
6.911355504471849986e-02
3.464390508232652044e-01
4.044504026055336654e-01
6.542041377037750571e-01
5.866542956135345488e-01
4.866241555518995288e-01
9.219276489618064563e-01
9.040956342595536377e-01
2.010239800396247389e-01
5.770697540672420356e-01
2.058123061362404638e-02
4.838832827363485078e-01
8.300939537360736420e-01
3.927682401328946860e-01
4.249151802715888104e-01
3.083035659200169532e-01
3.934318207031348713e-01
8.228938128667453444e-01
8.339054968386937494e-01
6.922071008849306484e-02
8.006440403435638453e-01
5.741958889852577519e-01
7.752433319021090341e-02
5.658180323090400421e-02
1.235260216869632499e-01
7.753629380902555823e-01
4.797975978628521432e-01
2.424991697331257967e-01
5.209203462793838835e-01
2.432150582097023506e-01
4.632043210373480990e-01
4.810858108189253191e-02
2.365301461259102789e-01
6.119256868235068980e-01
1.837075370360030657e-01
4.722621435258848033e-01
5.090474494164984876e-01
7.011839227755645165e-01
9.358053884525350252e-01
8.165500246175366739e-01
7.518822630214607727e-01
4.653858501390706337e-02
1.320976722788747004e-03
5.114699014421386636e-02
6.929152829336110431e-01
1.945800614414815444e-01
9.683225016611252123e-02
7.856896232109671363e-01
9.639812313015325707e-01
2.248886453276839337e-01
9.936500272849766446e-01
9.228268341917221784e-01
2.801989422576822708e-02
7.870886819297563397e-01
4.893924295339899810e-01
3.120585821312275021e-01
3.012868003023074781e-01
7.915503972125204069e-02
5.117418138699847407e-02
7.546526630492398358e-01
4.104848135278316157e-01
4.321699527229327931e-02
2.237389242441105708e-01
2.000401188927123375e-01
8.670483095390424388e-01
9.446271032077135921e-02
8.995124984446202232e-01
9.746031119670826026e-01
9.318533299685395344e-01
4.818895900111357378e-01
3.855870063091224598e-01
3.562726008794514510e-01
6.708017678768374292e-01
6.572863669608330905e-02
9.989540941991550405e-01
1.579279478808749415e-01
3.148353868168848324e-01
6.181833645254858345e-01
8.907946542897056119e-01
7.230955706257677917e-01
9.638503080667232270e-01
2.917430639041399543e-01
4.947038129657922445e-01
8.829033318320990142e-01
9.702960431332749991e-01
5.650368631084190518e-02
7.850184134031351624e-01
8.293552430874996384e-01
1.158593004976523622e-01
