4.698249609383424286e+00
3.851236782117927859e+00
1.222759588086706373e+01
8.928200670950293016e+00
7.484600221129684705e+00
1.093680450511372726e+01
1.234167191603575020e+01
7.600280809529823323e+00
4.192226335453813846e+00
3.469917904110603857e+00
5.026040965423574036e+00
3.403613877707848623e+00
5.494339687095946445e+00
5.967891531373997083e+00
8.475409130623782872e+00
7.604930431663525781e+00
6.623745048432205351e+00
1.258695520468602247e+01
1.229239760869298870e+01
4.304775767830528288e+00
7.708893455854481935e+00
3.143054625523359569e+00
6.596838802541538094e+00
1.097968931092065148e+01
5.636837604482660247e+00
5.812665678728671459e+00
5.027297054153066824e+00
5.518392933237016074e+00
1.083664029312467036e+01
1.098250177981870301e+01
3.585764610235964600e+00
1.062178925113975581e+01
7.437382099388903711e+00
3.185907082296314474e+00
3.252533053558950282e+00
3.679378135623017076e+00
1.034035219575771869e+01
6.443077784544265718e+00
4.648852116100053777e+00
6.904600557952855766e+00
4.326161665505487974e+00
6.390608271929803408e+00
3.301287894679292734e+00
4.407331731136735264e+00
7.788708740783341078e+00
4.103910144422834527e+00
6.352091202385183877e+00
6.810339067502567012e+00
9.183279849033398889e+00
1.295847198069563078e+01
1.077512368378336127e+01
1.001359088531270380e+01
3.284446677710968210e+00
3.047579995707464739e+00
3.410732049806050714e+00
9.097642354630837147e+00
4.070617284560876570e+00
3.597940163744672848e+00
1.034430674961637209e+01
1.323757308107101416e+01
4.495836376806642498e+00
1.398714256264302591e+01
1.254748866076604230e+01
3.306802432348809440e+00
1.030559044428616389e+01
6.571001086513605927e+00
4.961623695138983159e+00
5.021091716226936619e+00
3.583316772931475658e+00
3.138269882260921406e+00
9.953929818588880707e+00
5.968117907107743036e+00
3.165128976318523080e+00
4.389411794843566916e+00
4.090646906821620021e+00
1.172207591110247371e+01
3.309299722574813085e+00
1.206579298421707946e+01
1.348784140447771485e+01
1.279835489096739920e+01
6.541569378151713465e+00
5.522639224822936121e+00
5.301800425144548967e+00
8.720864820356128533e+00
3.341354899335695183e+00
1.378236653847786819e+01
3.855236969158096993e+00
4.901702505515767250e+00
7.947090439307812559e+00
1.220745806064375039e+01
9.376875592866719344e+00
1.319988318127658644e+01
5.034024276562976574e+00
6.818205932788369950e+00
1.189079720511730542e+01
1.344148309074467562e+01
3.345128512194622150e+00
1.014774682325882971e+01
1.094550384325541614e+01
3.729650547378768444e+00
